6.81782 -8.27494 0.433013 -1 0.705762 1.9518 -2.72856 -2 -45.1326 69.425 1.25 0.5 -48.7847 1.72608 36.8256 12.8397
7.60644 -6.12425 -0.316987 -2.78811 -9.75898 5.2854 -0.736412 -3.52686 18.4581 -14.5338 1.18301 25.5859 -16.1762 13.1533 0.492723 24.8512
4.27955 -3.42891 -0.683013 -3.79359 -6.90647 2.99042 -0.902258 -4.45738 16.9062 -13.0681 0.683013 26.3638 -15.6633 12.2912 0.294538 25.5516
20.3155 -32.278 -0.866025 -5.02421 22.7354 -1.80478 -17.9074 -10.9873 5.91044 -6.21016 -3.55271e-15 26.8137 -2.35176 2.65549 -1.77733 26
-11.7661 8.90396 -0.683013 -17.5503 10.0288 -8.74513 -0.603596 -17.1365 10.4729 -7.95239 -0.683013 25.4812 -12.6591 7.75691 -0.78075 24.4607
-11.1009 7.91355 -0.0121873 -18.371 10.6379 -8.73779 -0.424309 -17.7863 8.44077 -6.04974 -1.18301 24.4272 -11.5565 6.61142 -0.902173 23.3784
-12.0164 9.2527 0.695013 -18.8532 10.8677 -8.77182 0.935453 -17.6946 7.84359 -7.14063 -1.75 23.1356 -5.53036 4.62476 -3.00793 21.4559
-21.1089 16.6308 0.3048 -18.0613 19.2339 -15.0325 1.10395 -16.3898 0.942437 -1.49926 -2 20.4168 1.28021 -0.0856068 -2.79243 19.1598
-16.1035 10.8485 -0.762 -17.1917 19.2298 -13.3067 -1.9911 -16.8736 -0.517575 -0.453412 -2 17.9022 2.76182 -1.22978 -2.84159 16.7241
-18.8146 13.4622 -1.2192 -18.7921 20.7222 -14.7598 -1.86798 -18.3879 -3.67976 1.97152 -2 15.3411 5.7819 -3.54812 -2.7883 14.374
-16.021 13.3854 -0.762 -20.4216 13.6798 -10.6461 0.60763 -19.4589 -6.65954 3.85598 -2 12.8156 9.69602 -6.13334 -3.13868 11.9471
-14.493 11.6015 0.3048 -20.1066 12.9319 -10.138 1.03656 -18.8654 -11.2807 7.71114 -2 10.0565 13.2791 -9.20995 -2.74941 9.57417
-11.1161 7.83707 0.762 -19.2652 11.6135 -8.83712 0.261973 -18.3144 -13.3304 8.71776 -2 7.55687 16.2008 -11.2779 -3.28006 7.07
-12.1222 10.8162 0.371787 -18.941 8.99928 -7.36713 2.09631 -17.5664 -11.6915 4.56305 -1.75 4.6356 21.5421 -12.9742 -5.95557 3.43993
-7.47075 5.97113 0.316987 -17.2351 9.7283 -5.235 0.685053 -16.5177 -20.8099 16.3673 -1.25 -0.0886429 18.2989 -14.8476 -0.490149 0.776938
-4.37222 3.8752 0.683013 -16.2678 5.9068 -2.68313 1.27905 -15.5041 -19.5607 15.365 -0.75 -0.892664 18.6958 -13.9761 -0.0555458 0.128494
-15.3637 25.9563 1.43301 -14.797 -19.8443 2.91068 15.8665 -9.51186 -15.8228 12.6367 -0.25 -1.05632 15.8136 -11.0975 0.519587 0
11.0776 -7.52865 1.5 -3.33148 -10.6619 9.08769 2.27952 -3.07894 -11.8403 9.301 0.5 -0.537888 12.7774 -8.45948 0.920759 0.557322